00000001
00000011
00000111
00001111
00011111
00111111
01111111
11111111
11111110
11111100
11111000
11110000
11100000
11000000
10000000
00001111
11110000
11000011
11100111
00111100
00111111
11000000
00000011
11111100
00011000
00010000
00001000
11100000
00000111
11111000
00011111
11111111
00000001
00000011
00000111
00001111
00011111
00111111
01111111
11111111
11111110
11111100
11111000
11110000
11100000
11000000
10000000
00001111
11110000
11000011
11100111
00111100
00111111
11000000
00000011
11111100
00011000
00010000
00001000
11100000
00000111
11111000
00011111
11111111